182345967
673129458
495768213
926534781
351987642
748216395
834671529
219453876
567892134

561923274
748561329
392478516
139684752
274135698
856297143
617849835
925316987
483752461

561923274
748551329
392478516
139684752
274135698
856297143
617849835
925316987
483752461

182345967
673129458
495768213
926534781
351987642
748256395
834671529
219453876
567892134

123456789
234567891
345678912
456789123
567891234
678912345
789123456
891234567
912345678

182345967
673129458
495768213
926534781
351987642
748216395
834671529
219453876
567892134

561923274
748561329
392478516
139684752
274135698
856297143
617849835
925316987
483752461

561923274
748551329
392478516
139684752
274135698
856297143
617849835
925316987
483752461

182345967
673129458
495768213
926534781
351987642
748256395
834671529
219453876
567892134

123456789
234567891
345678912
456789123
567891234
678912345
789123456
891234567
912345678

182345967
673129458
495768213
926534781
351987642
748216395
834671529
219453876
567892134

561923274
748561329
392478516
139684752
274135698
856297143
617849835
925316987
483752461

561923274
748551329
392478516
139684752
274135698
856297143
617849835
925316987
483752461

182345967
673129458
495768213
926534781
351987642
748256395
834671529
219453876
567892134

123456789
234567891
345678912
456789123
567891234
678912345
789123456
891234567
912345678

182345967
673129458
495768213
926534781
351987642
748216395
834671529
219453876
567892134

561923274
748561329
392478516
139684752
274135698
856297143
617849835
925316987
483752461

561923274
748551329
392478516
139684752
274135698
856297143
617849835
925316987
483752461

182345967
673129458
495768213
926534781
351987642
748256395
834671529
219453876
567892134

123456789
234567891
345678912
456789123
567891234
678912345
789123456
891234567
912345678

182345967
673129458
495768213
926534781
351987642
748216395
834671529
219453876
567892134

561923274
748561329
392478516
139684752
274135698
856297143
617849835
925316987
483752461

561923274
748551329
392478516
139684752
274135698
856297143
617849835
925316987
483752461

182345967
673129458
495768213
926534781
351987642
748256395
834671529
219453876
567892134

123456789
234567891
345678912
456789123
567891234
678912345
789123456
891234567
912345678

182345967
673129458
495768213
926534781
351987642
748216395
834671529
219453876
567892134

561923274
748561329
392478516
139684752
274135698
856297143
617849835
925316987
483752461

561923274
748551329
392478516
139684752
274135698
856297143
617849835
925316987
483752461

182345967
673129458
495768213
926534781
351987642
748256395
834671529
219453876
567892134

123456789
234567891
345678912
456789123
567891234
678912345
789123456
891234567
912345678

182345967
673129458
495768213
926534781
351987642
748216395
834671529
219453876
567892134

561923274
748561329
392478516
139684752
274135698
856297143
617849835
925316987
483752461

561923274
748551329
392478516
139684752
274135698
856297143
617849835
925316987
483752461

182345967
673129458
495768213
926534781
351987642
748256395
834671529
219453876
567892134

123456789
234567891
345678912
456789123
567891234
678912345
789123456
891234567
912345678

182345967
673129458
495768213
926534781
351987642
748216395
834671529
219453876
567892134

561923274
748561329
392478516
139684752
274135698
856297143
617849835
925316987
483752461

561923274
748551329
392478516
139684752
274135698
856297143
617849835
925316987
483752461

182345967
673129458
495768213
926534781
351987642
748256395
834671529
219453876
567892134

123456789
234567891
345678912
456789123
567891234
678912345
789123456
891234567
912345678

182345967
673129458
495768213
926534781
351987642
748216395
834671529
219453876
567892134

561923274
748561329
392478516
139684752
274135698
856297143
617849835
925316987
483752461

561923274
748551329
392478516
139684752
274135698
856297143
617849835
925316987
483752461

182345967
673129458
495768213
926534781
351987642
748256395
834671529
219453876
567892134

123456789
234567891
345678912
456789123
567891234
678912345
789123456
891234567
912345678

182345967
673129458
495768213
926534781
351987642
748216395
834671529
219453876
567892134

561923274
748561329
392478516
139684752
274135698
856297143
617849835
925316987
483752461

561923274
748551329
392478516
139684752
274135698
856297143
617849835
925316987
483752461

182345967
673129458
495768213
926534781
351987642
748256395
834671529
219453876
567892134

123456789
234567891
345678912
456789123
567891234
678912345
789123456
891234567
912345678

182345967
673129458
495768213
926534781
351987642
748216395
834671529
219453876
567892134

561923274
748561329
392478516
139684752
274135698
856297143
617849835
925316987
483752461

561923274
748551329
392478516
139684752
274135698
856297143
617849835
925316987
483752461

182345967
673129458
495768213
926534781
351987642
748256395
834671529
219453876
567892134

123456789
234567891
345678912
456789123
567891234
678912345
789123456
891234567
912345678

182345967
673129458
495768213
926534781
351987642
748216395
834671529
219453876
567892134

561923274
748561329
392478516
139684752
274135698
856297143
617849835
925316987
483752461

561923274
748551329
392478516
139684752
274135698
856297143
617849835
925316987
483752461

182345967
673129458
495768213
926534781
351987642
748256395
834671529
219453876
567892134

123456789
234567891
345678912
456789123
567891234
678912345
789123456
891234567
912345678
